0.090719
0.092713
0.094707
0.096701
0.100689
0.102683
0.104677
0.108665
0.110659
0.112653
0.116641
0.118635
0.122623
0.124617
0.128605
0.130600
0.134588
0.138576
0.140570
0.144558
0.148546
0.152534
0.156522
0.158516
0.162504
0.166492
0.172474
0.176462
0.180450
0.184439
0.188427
0.194409
0.198397
0.204379
0.208367
0.214349
0.218337
0.224319
0.230301
0.236284
0.242266
0.246254
0.252236
0.258218
0.266194
0.272176
0.278158
0.286134
0.292117
0.300093
0.306075
0.314051
0.322027
0.330003
0.337979
0.345956
0.355926
0.363902
0.371878
0.381848
0.391818
0.399795
0.409765
0.419735
0.429705
0.441669
0.451640
0.463604
0.473574
0.485538
0.497502
0.509467
0.521431
0.535389
0.547353
0.561312
0.575270
0.589228
0.603186
0.617145
0.633097
0.649049
0.665002
0.678960
0.696906
0.712859
0.732799
0.748751
0.766698
0.786638
0.804584
0.824525
0.844465
0.866399
0.886340
0.908274
0.930209
0.952143
0.976072
1.000000
